0.180000	0.127678
0.180434	0.128792
0.180869	0.129919
0.181305	0.131058
0.181742	0.132209
0.182180	0.133374
0.182619	0.134552
0.183060	0.135743
0.183501	0.136948
0.183943	0.138166
0.184387	0.139398
0.184831	0.140644
0.185277	0.141905
0.185724	0.143179
0.186171	0.144469
0.186620	0.145773
0.187070	0.147091
0.187521	0.148426
0.187973	0.149775
0.188426	0.151140
0.188881	0.152521
0.189336	0.153918
0.189793	0.155330
0.190250	0.156760
0.190709	0.158206
0.191169	0.159669
0.191629	0.161149
0.192091	0.162646
0.192555	0.164161
0.193019	0.165694
0.193484	0.167245
0.193951	0.168814
0.194418	0.170401
0.194887	0.172008
0.195357	0.173633
0.195828	0.175278
0.196300	0.176943
0.196773	0.178627
0.197247	0.180332
0.197723	0.182057
0.198200	0.183802
0.198677	0.185569
0.199156	0.187357
0.199637	0.189167
0.200118	0.190998
0.200600	0.192852
0.201084	0.194728
0.201569	0.196627
0.202055	0.198549
0.202542	0.200495
0.203030	0.202465
0.203520	0.204458
0.204010	0.206477
0.204502	0.208520
0.204995	0.210588
0.205489	0.212682
0.205985	0.214731
0.206481	0.216791
0.206979	0.218877
0.207478	0.220987
0.207978	0.223123
0.208480	0.225285
0.208982	0.227406
0.209486	0.229521
0.209991	0.231661
0.210497	0.233826
0.211005	0.236016
0.211514	0.238233
0.212024	0.240411
0.212535	0.242515
0.213047	0.244643
0.213561	0.246795
0.214076	0.248970
0.214592	0.251170
0.215109	0.253395
0.215628	0.255565
0.216147	0.257755
0.216669	0.259970
0.217191	0.262210
0.217715	0.264474
0.218239	0.266763
0.218766	0.269000
0.219293	0.271236
0.219822	0.273495
0.220352	0.275778
0.220883	0.278086
0.221415	0.280420
0.221949	0.282710
0.222484	0.284923
0.223021	0.287159
0.223558	0.289419
0.224097	0.291701
0.224637	0.294007
0.225179	0.296337
0.225722	0.298648
0.226266	0.300946
0.226812	0.303268
0.227358	0.305613
0.227907	0.307982
0.228456	0.310375
0.229007	0.312760
0.229559	0.315127
0.230112	0.317517
0.230667	0.319931
0.231223	0.322370
0.231781	0.324833
0.232339	0.327301
0.232900	0.329611
0.233461	0.331944
0.234024	0.334299
0.234588	0.336676
0.235154	0.339076
0.235721	0.341498
0.236289	0.343944
0.236858	0.346357
0.237429	0.348766
0.238002	0.351198
0.238576	0.353653
0.239151	0.356131
0.239727	0.358632
0.240305	0.361117
0.240885	0.363484
0.241465	0.365873
0.242048	0.368284
0.242631	0.370671
0.243216	0.372994
0.243802	0.375337
0.244390	0.377701
0.244979	0.380080
0.245570	0.382422
0.246162	0.384784
0.246755	0.387167
0.247350	0.389570
0.247947	0.391994
0.248544	0.394439
0.249144	0.396905
0.249744	0.399393
0.250346	0.401788
0.250950	0.404107
0.251555	0.406444
0.252161	0.408801
0.252769	0.411178
0.253379	0.413574
0.253990	0.415982
0.254602	0.418323
0.255216	0.420684
0.255831	0.423063
0.256448	0.425461
0.257066	0.427879
0.257686	0.430317
0.258307	0.432774
0.258930	0.435252
0.259554	0.437735
0.260180	0.440179
0.260807	0.442644
0.261436	0.445128
0.262066	0.447632
0.262698	0.450144
0.263331	0.452533
0.263966	0.454941
0.264602	0.457368
0.265240	0.459804
0.265880	0.462199
0.266521	0.464612
0.267163	0.467044
0.267807	0.469494
0.268453	0.471963
0.269100	0.474452
0.269749	0.476959
0.270399	0.479395
0.271051	0.481847
0.271705	0.484318
0.272360	0.486807
0.273016	0.489315
0.273674	0.491843
0.274334	0.494389
0.274996	0.496955
0.275659	0.499540
0.276323	0.502063
0.276989	0.504498
0.277657	0.506950
0.278327	0.509420
0.278998	0.511908
0.279670	0.514414
0.280344	0.516939
0.281020	0.519482
0.281698	0.522044
0.282377	0.524624
0.283058	0.527165
0.283740	0.529698
0.284424	0.532249
0.285110	0.435554
0.285797	0.201613
0.286486	0.111121
0.287177	0.007533
0.287869	0.000099
0.288563	0.000032
0.289259	0.000037
0.289956	0.000042
0.290655	0.000049
0.291356	0.000056
0.292058	0.000064
0.292763	0.000073
0.293468	0.000084
0.294176	0.000096
0.294885	0.000110
0.295596	0.000126
0.296309	0.000143
0.297023	0.000163
0.297739	0.000185
0.298457	0.000209
0.299176	0.000236
0.299898	0.000265
0.300621	0.000297
0.301345	0.000334
0.302072	0.000373
0.302800	0.000416
0.303530	0.000463
0.304262	0.000514
0.304995	0.000571
0.305731	0.000633
0.306468	0.000698
0.307207	0.000769
0.307947	0.000846
0.308690	0.000925
0.309434	0.001012
0.310180	0.001107
0.310928	0.001206
0.311677	0.001305
0.312429	0.001410
0.313182	0.001523
0.313937	0.001645
0.314694	0.001773
0.315453	0.001904
0.316213	0.002031
0.316975	0.002166
0.317740	0.002310
0.318506	0.002464
0.319273	0.002616
0.320043	0.002769
0.320815	0.002923
0.321588	0.003085
0.322363	0.003257
0.323141	0.003439
0.323920	0.003611
0.324701	0.003775
0.325483	0.003946
0.326268	0.004124
0.327055	0.004309
0.327843	0.004504
0.328634	0.004696
0.329426	0.004868
0.330220	0.005045
0.331016	0.005230
0.331814	0.005419
0.332614	0.005614
0.333416	0.005817
0.334220	0.006026
0.335026	0.006199
0.335833	0.006378
0.336643	0.006563
0.337454	0.006753
0.338268	0.006949
0.339084	0.007152
0.339901	0.007357
0.340721	0.007562
0.341542	0.007763
0.342365	0.007939
0.343191	0.008119
0.344018	0.008304
0.344847	0.008493
0.345679	0.008687
0.346512	0.008885
0.347348	0.009089
0.348185	0.009291
0.349024	0.009494
0.349866	0.009702
0.350709	0.009916
0.351555	0.010129
0.352402	0.010324
0.353252	0.010523
0.354104	0.010726
0.354957	0.010934
0.355813	0.011146
0.356671	0.011363
0.357531	0.011585
0.358393	0.011801
0.359257	0.012019
0.360123	0.012242
0.360991	0.012470
0.361861	0.012703
0.362734	0.012940
0.363608	0.013183
0.364485	0.013431
0.365364	0.013683
0.366244	0.013933
0.367127	0.014180
0.368012	0.014432
0.368900	0.014690
0.369789	0.014952
0.370681	0.015219
0.371574	0.015492
0.372470	0.015770
0.373368	0.016054
0.374268	0.016341
0.375170	0.016649
0.376075	0.016998
0.376982	0.017356
0.377890	0.017721
0.378801	0.018095
0.379715	0.018478
0.380630	0.018871
0.381548	0.019272
0.382468	0.019672
0.383390	0.020068
0.384314	0.020473
0.385240	0.020887
0.386169	0.021310
0.387100	0.021744
0.388033	0.022187
0.388969	0.022640
0.389907	0.023086
0.390847	0.023522
0.391789	0.023969
0.392733	0.024424
0.393680	0.024890
0.394629	0.025365
0.395581	0.025851
0.396535	0.026348
0.397490	0.026855
0.398449	0.027373
0.399409	0.027902
0.400372	0.028443
0.401338	0.028996
0.402305	0.029561
0.403275	0.030141
0.404247	0.030733
0.405222	0.031339
0.406199	0.031958
0.407178	0.032591
0.408160	0.033239
0.409144	0.033900
0.410130	0.034577
0.411119	0.035268
0.412110	0.035975
0.413103	0.036681
0.414099	0.037386
0.415098	0.038107
0.416098	0.038843
0.417102	0.039595
0.418107	0.040364
0.419115	0.041150
0.420126	0.041932
0.421138	0.042709
0.422154	0.043502
0.423172	0.044312
0.424192	0.045139
0.425214	0.045984
0.426239	0.046846
0.427267	0.047717
0.428297	0.048587
0.429330	0.049475
0.430365	0.050381
0.431402	0.051262
0.432442	0.052158
0.433485	0.053072
0.434530	0.054004
0.435578	0.054954
0.436628	0.055924
0.437680	0.056913
0.438736	0.057922
0.439793	0.058951
0.440854	0.060002
0.441916	0.061066
0.442982	0.062107
0.444050	0.063169
0.445120	0.064251
0.446193	0.065355
0.447269	0.066466
0.448347	0.067553
0.449428	0.068661
0.450512	0.069789
0.451598	0.070939
0.452687	0.072110
0.453778	0.073304
0.454872	0.074521
0.455969	0.075760
0.457068	0.077024
0.458170	0.078311
0.459274	0.079560
0.460382	0.080808
0.461491	0.082080
0.462604	0.083375
0.463719	0.084693
0.464837	0.085977
0.465958	0.087259
0.467081	0.088563
0.468207	0.089890
0.469336	0.091240
0.470468	0.092614
0.471602	0.094011
0.472739	0.095427
0.473879	0.096844
0.475021	0.098285
0.476166	0.099746
0.477314	0.101150
0.478465	0.102577
0.479618	0.104023
0.480775	0.105493
0.481934	0.106987
0.483096	0.108507
0.484260	0.110051
0.485428	0.111621
0.486598	0.113218
0.487771	0.114780
0.488947	0.116333
0.490126	0.117911
0.491307	0.119514
0.492492	0.121144
0.493679	0.122799
0.494869	0.124481
0.496063	0.126103
0.497258	0.127683
0.498457	0.129286
0.499659	0.130914
0.500864	0.132566
0.502071	0.134243
0.503281	0.135946
0.504495	0.137674
0.505711	0.139429
0.506930	0.141210
0.508152	0.142988
0.509377	0.144703
0.510606	0.146442
0.511837	0.148207
0.513070	0.149998
0.514307	0.151814
0.515547	0.153657
0.516790	0.155523
0.518036	0.157411
0.519285	0.159327
0.520537	0.161262
0.521792	0.163094
0.523050	0.164951
0.524311	0.166833
0.525575	0.168742
0.526842	0.170677
0.528112	0.172639
0.529385	0.172496
0.530662	0.054324
0.531941	0.125261
0.533223	0.138733
0.534509	0.111148
0.535797	0.090859
0.537089	0.070209
0.538384	0.051673
0.539682	0.039154
0.540983	0.038896
0.542287	0.050026
0.543595	0.057340
0.544905	0.063114
0.546219	0.070274
0.547536	0.075883
0.548856	0.078184
0.550179	0.080325
0.551505	0.081547
0.552835	0.082258
0.554168	0.085922
0.555504	0.086855
0.556843	0.086407
0.558185	0.090645
0.559531	0.090541
0.560880	0.091953
0.562232	0.094881
0.563588	0.097910
0.564946	0.101022
0.566308	0.104145
0.567674	0.107372
0.569042	0.110584
0.570414	0.113337
0.571789	0.115262
0.573168	0.117303
0.574550	0.120556
0.575935	0.122143
0.577323	0.122719
0.578715	0.121566
0.580110	0.122747
0.581509	0.126468
0.582911	0.127943
0.584316	0.130770
0.585725	0.131953
0.587137	0.134921
0.588552	0.136334
0.589971	0.136533
0.591394	0.140034
0.592820	0.141758
0.594249	0.143483
0.595681	0.145233
0.597117	0.147009
0.598557	0.148806
0.600000	0.150535
0.601447	0.152289
0.602897	0.154048
0.604350	0.155800
0.605807	0.157576
0.607267	0.159376
0.608732	0.161202
0.610199	0.163053
0.611670	0.164800
0.613145	0.166562
0.614623	0.168348
0.616105	0.170157
0.617590	0.171989
0.619079	0.173847
0.620572	0.175701
0.622068	0.177566
0.623567	0.179454
0.625071	0.181367
0.626578	0.183306
0.628088	0.185193
0.629602	0.187050
0.631120	0.188930
0.632642	0.190834
0.634167	0.192762
0.635696	0.194713
0.637228	0.196690
0.638765	0.198673
0.640305	0.200652
0.641848	0.202655
0.643396	0.204683
0.644947	0.206736
0.646502	0.208815
0.648060	0.210913
0.649623	0.212904
0.651189	0.214918
0.652759	0.216957
0.654333	0.219018
0.655910	0.221101
0.657491	0.223210
0.659076	0.225204
0.660665	0.227136
0.662258	0.229090
0.663855	0.231065
0.665455	0.233062
0.667060	0.235080
0.668668	0.237122
0.670280	0.239186
0.671896	0.241261
0.673516	0.243314
0.675139	0.245389
0.676767	0.247487
0.678398	0.249608
0.680034	0.251753
0.681673	0.252926
0.683317	0.257312
0.684964	0.259652
0.686616	0.241605
0.688271	0.160848
0.689930	0.148830
0.691594	0.138235
0.693261	0.146334
0.694932	0.143269
0.696608	0.158999
0.698287	0.173459
0.699970	0.186978
0.701658	0.199026
0.703350	0.202845
0.705045	0.206132
0.706745	0.212184
0.708449	0.215497
0.710157	0.219206
0.711869	0.220258
0.713585	0.223185
0.715306	0.222986
0.717030	0.222650
0.718759	0.225298
0.720491	0.224436
0.722228	0.227383
0.723970	0.224921
0.725715	0.226499
0.727465	0.226832
0.729218	0.229407
0.730976	0.235121
0.732739	0.237900
0.734505	0.240719
0.736276	0.243579
0.738051	0.246448
0.739830	0.249323
0.741614	0.252239
0.743402	0.255160
0.745194	0.258076
0.746991	0.261033
0.748792	0.263986
0.750597	0.266896
0.752406	0.269844
0.754220	0.272833
0.756039	0.275859
0.757861	0.278762
0.759688	0.281703
0.761520	0.284682
0.763356	0.287643
0.765196	0.290626
0.767041	0.293633
0.768890	0.296608
0.770744	0.299619
0.772602	0.302643
0.774465	0.305610
0.776332	0.308613
0.778203	0.311653
0.780079	0.314731
0.781960	0.317815
0.783845	0.320872
0.785735	0.323804
0.787629	0.326657
0.789528	0.329542
0.791432	0.332460
0.793340	0.335411
0.795252	0.338186
0.797169	0.340899
0.799091	0.343592
0.801018	0.346283
0.802949	0.349001
0.804885	0.351748
0.806825	0.354522
0.808770	0.357204
0.810720	0.359883
0.812675	0.362590
0.814634	0.365323
0.816598	0.368071
0.818567	0.370793
0.820540	0.373468
0.822518	0.376130
0.824501	0.378818
0.826489	0.381532
0.828481	0.384272
0.830479	0.386859
0.832481	0.389362
0.834488	0.391831
0.836500	0.394321
0.838516	0.396833
0.840538	0.399367
0.842564	0.401923
0.844596	0.404462
0.846632	0.406902
0.848673	0.409363
0.850719	0.411844
0.852770	0.414347
0.854826	0.416871
0.856887	0.419417
0.858952	0.421911
0.861023	0.424393
0.863099	0.426894
0.865180	0.429370
0.867266	0.431697
0.869357	0.434042
0.871452	0.436405
0.873553	0.438788
0.875659	0.441189
0.877770	0.443467
0.879887	0.445750
0.882008	0.448049
0.884134	0.450114
0.886266	0.452185
0.888402	0.454271
0.890544	0.456363
0.892691	0.458427
0.894843	0.460506
0.897001	0.462578
0.899163	0.464595
0.901331	0.466626
0.903504	0.468670
0.905682	0.470729
0.907866	0.472801
0.910054	0.474888
0.912248	0.476989
0.914448	0.479104
0.916652	0.481234
0.918862	0.483378
0.921077	0.485488
0.923298	0.487593
0.925524	0.489712
0.927755	0.491845
0.929992	0.493839
0.932234	0.495810
0.934481	0.497795
0.936734	0.499792
0.938993	0.501802
0.941256	0.503825
0.943526	0.505861
0.945800	0.507911
0.948080	0.509973
0.950366	0.512049
0.952657	0.514110
0.954954	0.516155
0.957256	0.518212
0.959564	0.520283
0.961877	0.522367
0.964196	0.524464
0.966521	0.526575
0.968851	0.528700
0.971187	0.530838
0.973528	0.532990
0.975875	0.535156
0.978228	0.537328
0.980586	0.539354
0.982950	0.541358
0.985320	0.543335
0.987695	0.545323
0.990077	0.547324
0.992464	0.549337
0.994856	0.551363
0.997255	0.553400
0.999659	0.555163
1.002069	0.556909
1.004485	0.558665
1.006906	0.560430
1.009334	0.562205
1.011767	0.563991
1.014207	0.565786
1.016652	0.567591
1.019103	0.569388
1.021559	0.571168
1.024022	0.572994
1.026491	0.574841
1.028966	0.576699
1.031446	0.578567
1.033933	0.580446
1.036426	0.582335
1.038924	0.584236
1.041429	0.586147
1.043940	0.588068
1.046457	0.589983
1.048980	0.591875
1.051508	0.593778
1.054043	0.595692
1.056585	0.597616
1.059132	0.599552
1.061685	0.601326
1.064245	0.603079
1.066810	0.604842
1.069382	0.606614
1.071961	0.608396
1.074545	0.610187
1.077135	0.611988
1.079732	0.613797
1.082335	0.615614
1.084945	0.617441
1.087560	0.619277
1.090182	0.621124
1.092811	0.622995
1.095445	0.624877
1.098086	0.626769
1.100733	0.628671
1.103387	0.630584
1.106047	0.632507
1.108714	0.634440
1.111387	0.636384
1.114066	0.638339
1.116752	0.640305
1.119444	0.642281
1.122143	0.644268
1.124848	0.646213
1.127560	0.648167
1.130278	0.650036
1.133003	0.651858
1.135735	0.653690
1.138473	0.655478
1.141218	0.657249
1.143969	0.659029
1.146727	0.660818
1.149492	0.662616
1.152263	0.664424
1.155041	0.666240
1.157825	0.667802
1.160617	0.669345
1.163415	0.670897
1.166220	0.672455
1.169031	0.674021
1.171849	0.675594
1.174675	0.677141
1.177507	0.678673
1.180345	0.680211
1.183191	0.681757
1.186044	0.683310
1.188903	0.684871
1.191769	0.686438
1.194642	0.688013
1.197522	0.689596
1.200409	0.691186
1.203303	0.692783
1.206204	0.694388
1.209112	0.696001
1.212027	0.697612
1.214949	0.699229
1.217878	0.700854
1.220815	0.702487
1.223758	0.704127
1.226708	0.705776
1.229666	0.707432
1.232630	0.709020
1.235602	0.710613
1.238581	0.712214
1.241567	0.713822
1.244560	0.715438
1.247560	0.716985
1.250568	0.718482
1.253583	0.719987
1.256605	0.721498
1.259634	0.723016
1.262671	0.724541
1.265715	0.726073
1.268767	0.727612
1.271826	0.729158
1.274892	0.730689
1.277965	0.732203
1.281046	0.733724
1.284135	0.735251
1.287231	0.736786
1.290334	0.738327
1.293445	0.739876
1.296563	0.741431
1.299689	0.742993
1.302822	0.742774
1.305963	0.744279
1.309112	0.745791
1.312268	0.747310
1.315431	0.748836
1.318603	0.750368
1.321782	0.751907
1.324968	0.753335
1.328163	0.754703
1.331365	0.756059
1.334574	0.757419
1.337792	0.758773
1.341017	0.760100
1.344250	0.761432
1.347491	0.762771
1.350739	0.764114
1.353996	0.765464
1.357260	0.766818
1.360532	0.768159
1.363812	0.769506
1.367100	0.770858
1.370396	0.772216
1.373700	0.773580
1.377012	0.774920
1.380331	0.776252
1.383659	0.777588
1.386995	0.778930
1.390339	0.780262
1.393691	0.781596
1.397051	0.782936
1.400419	0.784281
1.403795	0.785631
1.407179	0.786988
1.410572	0.788223
1.413972	0.789427
1.417381	0.790634
1.420798	0.791786
1.424224	0.792943
1.427657	0.794105
1.431099	0.795271
1.434549	0.796442
1.438008	0.797617
1.441475	0.798797
1.444950	0.799981
1.448433	0.801170
1.451925	0.802364
1.455426	0.803551
1.458934	0.804734
1.462452	0.805909
1.465977	0.807061
1.469512	0.808218
1.473054	0.809378
1.476606	0.810544
1.480166	0.811713
1.483734	0.812888
1.487311	0.814067
1.490897	0.815239
1.494491	0.816411
1.498094	0.817587
1.501706	0.818768
1.505326	0.819954
1.508955	0.821118
1.512593	0.822160
1.516240	0.823169
1.519895	0.824179
1.523559	0.825194
1.527233	0.826212
1.530914	0.827216
1.534605	0.828224
1.538305	0.829236
1.542014	0.830251
1.545731	0.831270
1.549458	0.832293
1.553193	0.833319
1.556938	0.834350
1.560691	0.835384
1.564454	0.836395
1.568225	0.837381
1.572006	0.838370
1.575796	0.839363
1.579595	0.840360
1.583403	0.841359
1.587221	0.842363
1.591047	0.843370
1.594883	0.844381
1.598728	0.845396
1.602582	0.846414
1.606446	0.847436
1.610319	0.848443
1.614201	0.849453
1.618092	0.850464
1.621993	0.851444
1.625904	0.852426
1.629824	0.853281
1.633753	0.854125
1.637692	0.854973
1.641640	0.855824
1.645598	0.856677
1.649565	0.857530
1.653542	0.858373
1.657528	0.859219
1.661524	0.860067
1.665530	0.860919
1.669545	0.861773
1.673570	0.862631
1.677605	0.863488
1.681649	0.864314
1.685704	0.865143
1.689768	0.865975
1.693841	0.866808
1.697925	0.867629
1.702018	0.868453
1.706122	0.869280
1.710235	0.870110
1.714358	0.870943
1.718491	0.871778
1.722634	0.872616
1.726787	0.873457
1.730950	0.874301
1.735123	0.875148
1.739306	0.875997
1.743500	0.876848
1.747703	0.877654
1.751916	0.878463
1.756140	0.879275
1.760374	0.880089
1.764618	0.880907
1.768872	0.881727
1.773136	0.882490
1.777411	0.883184
1.781696	0.883880
1.785992	0.884579
1.790297	0.885280
1.794613	0.885983
1.798940	0.886674
1.803277	0.887366
1.807624	0.888061
1.811982	0.888757
1.816351	0.889448
1.820730	0.890115
1.825119	0.890783
1.829519	0.891454
1.833930	0.892127
1.838351	0.892802
1.842783	0.893479
1.847226	0.894159
1.851679	0.894835
1.856143	0.895504
1.860618	0.896175
1.865104	0.896848
1.869600	0.897524
1.874108	0.898201
1.878626	0.898881
1.883155	0.899563
1.887695	0.900247
1.892246	0.900933
1.896808	0.901589
1.901381	0.902247
1.905965	0.902906
1.910560	0.903557
1.915166	0.904206
1.919783	0.904858
1.924411	0.905512
1.929051	0.906168
1.933701	0.906826
1.938363	0.907486
1.943036	0.908148
1.947721	0.908812
1.952416	0.909371
1.957123	0.909920
1.961842	0.910471
1.966571	0.911023
1.971312	0.911571
1.976065	0.912112
1.980829	0.912640
1.985604	0.913153
1.990391	0.913666
1.995190	0.914182
