0.180000	0.138170
0.180434	0.139330
0.180869	0.140502
0.181305	0.141687
0.181742	0.142885
0.182180	0.144097
0.182619	0.145321
0.183060	0.146559
0.183501	0.147810
0.183943	0.149075
0.184387	0.150354
0.184831	0.151647
0.185277	0.152954
0.185724	0.154276
0.186171	0.155612
0.186620	0.156963
0.187070	0.158330
0.187521	0.159711
0.187973	0.161108
0.188426	0.162521
0.188881	0.163949
0.189336	0.165394
0.189793	0.166854
0.190250	0.168331
0.190709	0.169825
0.191169	0.171336
0.191629	0.172864
0.192091	0.174409
0.192555	0.175972
0.193019	0.177553
0.193484	0.179151
0.193951	0.180768
0.194418	0.182404
0.194887	0.184058
0.195357	0.185732
0.195828	0.187424
0.196300	0.189137
0.196773	0.190869
0.197247	0.192621
0.197723	0.194394
0.198200	0.196187
0.198677	0.198001
0.199156	0.199836
0.199637	0.201693
0.200118	0.203572
0.200600	0.205472
0.201084	0.207396
0.201569	0.209341
0.202055	0.211310
0.202542	0.213302
0.203030	0.215318
0.203520	0.217358
0.204010	0.219422
0.204502	0.221511
0.204995	0.223625
0.205489	0.225764
0.205985	0.227856
0.206481	0.229960
0.206979	0.232088
0.207478	0.234241
0.207978	0.236420
0.208480	0.238623
0.208982	0.240785
0.209486	0.242940
0.209991	0.245119
0.210497	0.247323
0.211005	0.249552
0.211514	0.251807
0.212024	0.254023
0.212535	0.256163
0.213047	0.258326
0.213561	0.260512
0.214076	0.262722
0.214592	0.264957
0.215109	0.267216
0.215628	0.269417
0.216147	0.271640
0.216669	0.273886
0.217191	0.276157
0.217715	0.278451
0.218239	0.280771
0.218766	0.283038
0.219293	0.285301
0.219822	0.287589
0.220352	0.289900
0.220883	0.292235
0.221415	0.294595
0.221949	0.296911
0.222484	0.299149
0.223021	0.301408
0.223558	0.303691
0.224097	0.305996
0.224637	0.308325
0.225179	0.310677
0.225722	0.313008
0.226266	0.315327
0.226812	0.317668
0.227358	0.320033
0.227907	0.322421
0.228456	0.324832
0.229007	0.327235
0.229559	0.329618
0.230112	0.332023
0.230667	0.334453
0.231223	0.336906
0.231781	0.339383
0.232339	0.341864
0.232900	0.344186
0.233461	0.346530
0.234024	0.348895
0.234588	0.351282
0.235154	0.353691
0.235721	0.356123
0.236289	0.358577
0.236858	0.360997
0.237429	0.363413
0.238002	0.365851
0.238576	0.368311
0.239151	0.370794
0.239727	0.373300
0.240305	0.375788
0.240885	0.378156
0.241465	0.380545
0.242048	0.382955
0.242631	0.385342
0.243216	0.387664
0.243802	0.390005
0.244390	0.392367
0.244979	0.394743
0.245570	0.397081
0.246162	0.399439
0.246755	0.401817
0.247350	0.404214
0.247947	0.406632
0.248544	0.409070
0.249144	0.411528
0.249744	0.414008
0.250346	0.416394
0.250950	0.418705
0.251555	0.421033
0.252161	0.423380
0.252769	0.425746
0.253379	0.428131
0.253990	0.430528
0.254602	0.432857
0.255216	0.435204
0.255831	0.437570
0.256448	0.439955
0.257066	0.442358
0.257686	0.444780
0.258307	0.447222
0.258930	0.449682
0.259554	0.452148
0.260180	0.454575
0.260807	0.457021
0.261436	0.459486
0.262066	0.461970
0.262698	0.464461
0.263331	0.466831
0.263966	0.469220
0.264602	0.471626
0.265240	0.474040
0.265880	0.476414
0.266521	0.478805
0.267163	0.481214
0.267807	0.483641
0.268453	0.486086
0.269100	0.488549
0.269749	0.491031
0.270399	0.493441
0.271051	0.495867
0.271705	0.498310
0.272360	0.500772
0.273016	0.503251
0.273674	0.505749
0.274334	0.508266
0.274996	0.510801
0.275659	0.513354
0.276323	0.515847
0.276989	0.518251
0.277657	0.520672
0.278327	0.523110
0.278998	0.525566
0.279670	0.528039
0.280344	0.530529
0.281020	0.533038
0.281698	0.535564
0.282377	0.538109
0.283058	0.540613
0.283740	0.543110
0.284424	0.545624
0.285110	0.450117
0.285797	0.214913
0.286486	0.121325
0.287177	0.009165
0.287869	0.000144
0.288563	0.000049
0.289259	0.000056
0.289956	0.000064
0.290655	0.000072
0.291356	0.000083
0.292058	0.000094
0.292763	0.000107
0.293468	0.000122
0.294176	0.000139
0.294885	0.000159
0.295596	0.000181
0.296309	0.000204
0.297023	0.000231
0.297739	0.000261
0.298457	0.000293
0.299176	0.000330
0.299898	0.000369
0.300621	0.000412
0.301345	0.000461
0.302072	0.000512
0.302800	0.000569
0.303530	0.000631
0.304262	0.000697
0.304995	0.000771
0.305731	0.000852
0.306468	0.000935
0.307207	0.001026
0.307947	0.001125
0.308690	0.001226
0.309434	0.001336
0.310180	0.001455
0.310928	0.001580
0.311677	0.001705
0.312429	0.001836
0.313182	0.001977
0.313937	0.002129
0.314694	0.002288
0.315453	0.002450
0.316213	0.002606
0.316975	0.002772
0.317740	0.002949
0.318506	0.003138
0.319273	0.003323
0.320043	0.003510
0.320815	0.003696
0.321588	0.003893
0.322363	0.004101
0.323141	0.004321
0.323920	0.004528
0.324701	0.004725
0.325483	0.004931
0.326268	0.005144
0.327055	0.005366
0.327843	0.005598
0.328634	0.005828
0.329426	0.006032
0.330220	0.006243
0.331016	0.006462
0.331814	0.006686
0.332614	0.006917
0.333416	0.007157
0.334220	0.007403
0.335026	0.007608
0.335833	0.007819
0.336643	0.008036
0.337454	0.008259
0.338268	0.008490
0.339084	0.008727
0.339901	0.008967
0.340721	0.009207
0.341542	0.009442
0.342365	0.009647
0.343191	0.009857
0.344018	0.010073
0.344847	0.010293
0.345679	0.010518
0.346512	0.010749
0.347348	0.010986
0.348185	0.011220
0.349024	0.011455
0.349866	0.011697
0.350709	0.011944
0.351555	0.012191
0.352402	0.012416
0.353252	0.012645
0.354104	0.012880
0.354957	0.013120
0.355813	0.013364
0.356671	0.013614
0.357531	0.013869
0.358393	0.014117
0.359257	0.014368
0.360123	0.014624
0.360991	0.014885
0.361861	0.015151
0.362734	0.015423
0.363608	0.015701
0.364485	0.015984
0.365364	0.016273
0.366244	0.016557
0.367127	0.016840
0.368012	0.017127
0.368900	0.017421
0.369789	0.017720
0.370681	0.018023
0.371574	0.018333
0.372470	0.018649
0.373368	0.018972
0.374268	0.019297
0.375170	0.019647
0.376075	0.020042
0.376982	0.020446
0.377890	0.020860
0.378801	0.021283
0.379715	0.021715
0.380630	0.022158
0.381548	0.022610
0.382468	0.023060
0.383390	0.023506
0.384314	0.023961
0.385240	0.024426
0.386169	0.024902
0.387100	0.025388
0.388033	0.025884
0.388969	0.026392
0.389907	0.026890
0.390847	0.027379
0.391789	0.027877
0.392733	0.028386
0.393680	0.028905
0.394629	0.029436
0.395581	0.029977
0.396535	0.030529
0.397490	0.031093
0.398449	0.031669
0.399409	0.032257
0.400372	0.032857
0.401338	0.033470
0.402305	0.034096
0.403275	0.034738
0.404247	0.035394
0.405222	0.036063
0.406199	0.036747
0.407178	0.037446
0.408160	0.038159
0.409144	0.038888
0.410130	0.039633
0.411119	0.040394
0.412110	0.041171
0.413103	0.041947
0.414099	0.042721
0.415098	0.043511
0.416098	0.044318
0.417102	0.045141
0.418107	0.045982
0.419115	0.046841
0.420126	0.047696
0.421138	0.048544
0.422154	0.049410
0.423172	0.050293
0.424192	0.051194
0.425214	0.052113
0.426239	0.053051
0.427267	0.053998
0.428297	0.054942
0.429330	0.055906
0.430365	0.056888
0.431402	0.057844
0.432442	0.058814
0.433485	0.059803
0.434530	0.060810
0.435578	0.061838
0.436628	0.062885
0.437680	0.063952
0.438736	0.065040
0.439793	0.066150
0.440854	0.067281
0.441916	0.068426
0.442982	0.069546
0.444050	0.070687
0.445120	0.071849
0.446193	0.073034
0.447269	0.074226
0.448347	0.075391
0.449428	0.076577
0.450512	0.077785
0.451598	0.079015
0.452687	0.080267
0.453778	0.081543
0.454872	0.082841
0.455969	0.084164
0.457068	0.085511
0.458170	0.086883
0.459274	0.088212
0.460382	0.089541
0.461491	0.090893
0.462604	0.092269
0.463719	0.093670
0.464837	0.095033
0.465958	0.096393
0.467081	0.097775
0.468207	0.099181
0.469336	0.100611
0.470468	0.102065
0.471602	0.103543
0.472739	0.105040
0.473879	0.106536
0.475021	0.108057
0.476166	0.109598
0.477314	0.111080
0.478465	0.112583
0.479618	0.114106
0.480775	0.115654
0.481934	0.117226
0.483096	0.118823
0.484260	0.120446
0.485428	0.122095
0.486598	0.123771
0.487771	0.125410
0.488947	0.127039
0.490126	0.128693
0.491307	0.130372
0.492492	0.132077
0.493679	0.133809
0.494869	0.135568
0.496063	0.137263
0.497258	0.138913
0.498457	0.140588
0.499659	0.142286
0.500864	0.144009
0.502071	0.145758
0.503281	0.147532
0.504495	0.149332
0.505711	0.151158
0.506930	0.153011
0.508152	0.154860
0.509377	0.156642
0.510606	0.158449
0.511837	0.160282
0.513070	0.162140
0.514307	0.164024
0.515547	0.165935
0.516790	0.167868
0.518036	0.169824
0.519285	0.171807
0.520537	0.173810
0.521792	0.175704
0.523050	0.177623
0.524311	0.179569
0.525575	0.181540
0.526842	0.183538
0.528112	0.185562
0.529385	0.185369
0.530662	0.059707
0.531941	0.135401
0.533223	0.149630
0.534509	0.120377
0.535797	0.098773
0.537089	0.076696
0.538384	0.056776
0.539682	0.043247
0.540983	0.042958
0.542287	0.054966
0.543595	0.062820
0.544905	0.069001
0.546219	0.076651
0.547536	0.082627
0.548856	0.085065
0.550179	0.087329
0.551505	0.088613
0.552835	0.089352
0.554168	0.093233
0.555504	0.094205
0.556843	0.093709
0.558185	0.098194
0.559531	0.098064
0.560880	0.099543
0.562232	0.102629
0.563588	0.105818
0.564946	0.109093
0.566308	0.112378
0.567674	0.115770
0.569042	0.119143
0.570414	0.122028
0.571789	0.124038
0.573168	0.126167
0.574550	0.129573
0.575935	0.131221
0.577323	0.131804
0.578715	0.130565
0.580110	0.131785
0.581509	0.135675
0.582911	0.137203
0.584316	0.140150
0.585725	0.141369
0.587137	0.144460
0.588552	0.145918
0.589971	0.146102
0.591394	0.149748
0.592820	0.151528
0.594249	0.153308
0.595681	0.155114
0.597117	0.156945
0.598557	0.158798
0.600000	0.160581
0.601447	0.162388
0.602897	0.164199
0.604350	0.166003
0.605807	0.167831
0.607267	0.169684
0.608732	0.171561
0.610199	0.173464
0.611670	0.175260
0.613145	0.177070
0.614623	0.178904
0.616105	0.180762
0.617590	0.182643
0.619079	0.184548
0.620572	0.186450
0.622068	0.188361
0.623567	0.190296
0.625071	0.192255
0.626578	0.194240
0.628088	0.196171
0.629602	0.198072
0.631120	0.199995
0.632642	0.201942
0.634167	0.203912
0.635696	0.205907
0.637228	0.207926
0.638765	0.209950
0.640305	0.211970
0.641848	0.214013
0.643396	0.216081
0.644947	0.218174
0.646502	0.220293
0.648060	0.222430
0.649623	0.224457
0.651189	0.226508
0.652759	0.228583
0.654333	0.230680
0.655910	0.232799
0.657491	0.234943
0.659076	0.236971
0.660665	0.238935
0.662258	0.240921
0.663855	0.242928
0.665455	0.244956
0.667060	0.247006
0.668668	0.249079
0.670280	0.251174
0.671896	0.253279
0.673516	0.255361
0.675139	0.257464
0.676767	0.259590
0.678398	0.261739
0.680034	0.263911
0.681673	0.265126
0.683317	0.269499
0.684964	0.271857
0.686616	0.254135
0.688271	0.173496
0.689930	0.161335
0.691594	0.150561
0.693261	0.158863
0.694932	0.155771
0.696608	0.171812
0.698287	0.186480
0.699970	0.200134
0.701658	0.212263
0.703350	0.216130
0.705045	0.219462
0.706745	0.225554
0.708449	0.228905
0.710157	0.232649
0.711869	0.233745
0.713585	0.236708
0.715306	0.236558
0.717030	0.236272
0.718759	0.238957
0.720491	0.238147
0.722228	0.241129
0.723970	0.238727
0.725715	0.240347
0.727465	0.240727
0.729218	0.243337
0.730976	0.249068
0.732739	0.251879
0.734505	0.254727
0.736276	0.257615
0.738051	0.260512
0.739830	0.263414
0.741614	0.266355
0.743402	0.269301
0.745194	0.272241
0.746991	0.275221
0.748792	0.278195
0.750597	0.281125
0.752406	0.284093
0.754220	0.287099
0.756039	0.290141
0.757861	0.293059
0.759688	0.296013
0.761520	0.299005
0.763356	0.301978
0.765196	0.304971
0.767041	0.307988
0.768890	0.310970
0.770744	0.313988
0.772602	0.317018
0.774465	0.319990
0.776332	0.322998
0.778203	0.326042
0.780079	0.329121
0.781960	0.332207
0.783845	0.335264
0.785735	0.338195
0.787629	0.341047
0.789528	0.343931
0.791432	0.346845
0.793340	0.349792
0.795252	0.352563
0.797169	0.355272
0.799091	0.357961
0.801018	0.360646
0.802949	0.363358
0.804885	0.366098
0.806825	0.368864
0.808770	0.371538
0.810720	0.374211
0.812675	0.376909
0.814634	0.379634
0.816598	0.382372
0.818567	0.385083
0.820540	0.387748
0.822518	0.390401
0.824501	0.393078
0.826489	0.395780
0.828481	0.398508
0.830479	0.401082
0.832481	0.403573
0.834488	0.406030
0.836500	0.408507
0.838516	0.411006
0.840538	0.413526
0.842564	0.416068
0.844596	0.418592
0.846632	0.421019
0.848673	0.423466
0.850719	0.425933
0.852770	0.428421
0.854826	0.430929
0.856887	0.433458
0.858952	0.435937
0.861023	0.438403
0.863099	0.440889
0.865180	0.443348
0.867266	0.445659
0.869357	0.447987
0.871452	0.450333
0.873553	0.452697
0.875659	0.455079
0.877770	0.457341
0.879887	0.459607
0.882008	0.461889
0.884134	0.463939
0.886266	0.465995
0.888402	0.468065
0.890544	0.470141
0.892691	0.472188
0.894843	0.474250
0.897001	0.476304
0.899163	0.478306
0.901331	0.480320
0.903504	0.482348
0.905682	0.484389
0.907866	0.486444
0.910054	0.488513
0.912248	0.490596
0.914448	0.492692
0.916652	0.494802
0.918862	0.496927
0.921077	0.499018
0.923298	0.501103
0.925524	0.503201
0.927755	0.505314
0.929992	0.507289
0.932234	0.509242
0.934481	0.511207
0.936734	0.513185
0.938993	0.515175
0.941256	0.517178
0.943526	0.519193
0.945800	0.521221
0.948080	0.523262
0.950366	0.525316
0.952657	0.527354
0.954954	0.529375
0.957256	0.531410
0.959564	0.533457
0.961877	0.535517
0.964196	0.537589
0.966521	0.539675
0.968851	0.541774
0.971187	0.543886
0.973528	0.546012
0.975875	0.548151
0.978228	0.550295
0.980586	0.552296
0.982950	0.554274
0.985320	0.556225
0.987695	0.558188
0.990077	0.560162
0.992464	0.562148
0.994856	0.564146
0.997255	0.566155
0.999659	0.567895
1.002069	0.569617
1.004485	0.571349
1.006906	0.573090
1.009334	0.574841
1.011767	0.576601
1.014207	0.578372
1.016652	0.580151
1.019103	0.581922
1.021559	0.583676
1.024022	0.585474
1.026491	0.587293
1.028966	0.589121
1.031446	0.590960
1.033933	0.592809
1.036426	0.594668
1.038924	0.596537
1.041429	0.598417
1.043940	0.600307
1.046457	0.602190
1.048980	0.604050
1.051508	0.605921
1.054043	0.607801
1.056585	0.609693
1.059132	0.611594
1.061685	0.613337
1.064245	0.615059
1.066810	0.616790
1.069382	0.618530
1.071961	0.620280
1.074545	0.622038
1.077135	0.623806
1.079732	0.625583
1.082335	0.627365
1.084945	0.629158
1.087560	0.630960
1.090182	0.632772
1.092811	0.634605
1.095445	0.636449
1.098086	0.638302
1.100733	0.640165
1.103387	0.642038
1.106047	0.643921
1.108714	0.645814
1.111387	0.647718
1.114066	0.649631
1.116752	0.651555
1.119444	0.653489
1.122143	0.655434
1.124848	0.657336
1.127560	0.659247
1.130278	0.661075
1.133003	0.662858
1.135735	0.664650
1.138473	0.666398
1.141218	0.668128
1.143969	0.669867
1.146727	0.671615
1.149492	0.673372
1.152263	0.675138
1.155041	0.676912
1.157825	0.678438
1.160617	0.679947
1.163415	0.681463
1.166220	0.682986
1.169031	0.684516
1.171849	0.686053
1.174675	0.687564
1.177507	0.689059
1.180345	0.690562
1.183191	0.692071
1.186044	0.693587
1.188903	0.695111
1.191769	0.696641
1.194642	0.698178
1.197522	0.699723
1.200409	0.701274
1.203303	0.702833
1.206204	0.704399
1.209112	0.705973
1.212027	0.707543
1.214949	0.709119
1.217878	0.710703
1.220815	0.712294
1.223758	0.713892
1.226708	0.715498
1.229666	0.717112
1.232630	0.718658
1.235602	0.720209
1.238581	0.721766
1.241567	0.723331
1.244560	0.724904
1.247560	0.726409
1.250568	0.727866
1.253583	0.729330
1.256605	0.730801
1.259634	0.732278
1.262671	0.733762
1.265715	0.735252
1.268767	0.736749
1.271826	0.738253
1.274892	0.739742
1.277965	0.741214
1.281046	0.742693
1.284135	0.744178
1.287231	0.745670
1.290334	0.747168
1.293445	0.748673
1.296563	0.750185
1.299689	0.751703
1.302822	0.751470
1.305963	0.752933
1.309112	0.754402
1.312268	0.755878
1.315431	0.757361
1.318603	0.758849
1.321782	0.760345
1.324968	0.761732
1.328163	0.763062
1.331365	0.764379
1.334574	0.765701
1.337792	0.767017
1.341017	0.768306
1.344250	0.769600
1.347491	0.770899
1.350739	0.772204
1.353996	0.773514
1.357260	0.774828
1.360532	0.776131
1.363812	0.777439
1.367100	0.778752
1.370396	0.780070
1.373700	0.781394
1.377012	0.782695
1.380331	0.783987
1.383659	0.785283
1.386995	0.786585
1.390339	0.787877
1.393691	0.789171
1.397051	0.790470
1.400419	0.791775
1.403795	0.793085
1.407179	0.794401
1.410572	0.795600
1.413972	0.796767
1.417381	0.797938
1.420798	0.799056
1.424224	0.800178
1.427657	0.801304
1.431099	0.802435
1.434549	0.803570
1.438008	0.804709
1.441475	0.805853
1.444950	0.807001
1.448433	0.808153
1.451925	0.809310
1.455426	0.810461
1.458934	0.811608
1.462452	0.812747
1.465977	0.813863
1.469512	0.814983
1.473054	0.816107
1.476606	0.817236
1.480166	0.818369
1.483734	0.819506
1.487311	0.820648
1.490897	0.821783
1.494491	0.822918
1.498094	0.824058
1.501706	0.825202
1.505326	0.826350
1.508955	0.827477
1.512593	0.828487
1.516240	0.829463
1.519895	0.830441
1.523559	0.831423
1.527233	0.832408
1.530914	0.833381
1.534605	0.834357
1.538305	0.835336
1.542014	0.836319
1.545731	0.837306
1.549458	0.838296
1.553193	0.839289
1.556938	0.840286
1.560691	0.841287
1.564454	0.842266
1.568225	0.843220
1.572006	0.844177
1.575796	0.845137
1.579595	0.846101
1.583403	0.847068
1.587221	0.848039
1.591047	0.849013
1.594883	0.849991
1.598728	0.850972
1.602582	0.851956
1.606446	0.852944
1.610319	0.853918
1.614201	0.854896
1.618092	0.855874
1.621993	0.856820
1.625904	0.857770
1.629824	0.858596
1.633753	0.859413
1.637692	0.860232
1.641640	0.861054
1.645598	0.861879
1.649565	0.862704
1.653542	0.863519
1.657528	0.864337
1.661524	0.865158
1.665530	0.865981
1.669545	0.866807
1.673570	0.867636
1.677605	0.868465
1.681649	0.869263
1.685704	0.870064
1.689768	0.870867
1.693841	0.871671
1.697925	0.872465
1.702018	0.873261
1.706122	0.874060
1.710235	0.874862
1.714358	0.875666
1.718491	0.876473
1.722634	0.877283
1.726787	0.878096
1.730950	0.878911
1.735123	0.879728
1.739306	0.880549
1.743500	0.881370
1.747703	0.882149
1.751916	0.882930
1.756140	0.883714
1.760374	0.884500
1.764618	0.885289
1.768872	0.886080
1.773136	0.886817
1.777411	0.887487
1.781696	0.888160
1.785992	0.888834
1.790297	0.889511
1.794613	0.890190
1.798940	0.890857
1.803277	0.891526
1.807624	0.892197
1.811982	0.892870
1.816351	0.893537
1.820730	0.894181
1.825119	0.894826
1.829519	0.895473
1.833930	0.896122
1.838351	0.896774
1.842783	0.897427
1.847226	0.898083
1.851679	0.898735
1.856143	0.899381
1.860618	0.900029
1.865104	0.900679
1.869600	0.901330
1.874108	0.901984
1.878626	0.902641
1.883155	0.903299
1.887695	0.903959
1.892246	0.904621
1.896808	0.905253
1.901381	0.905887
1.905965	0.906523
1.910560	0.907150
1.915166	0.907777
1.919783	0.908405
1.924411	0.909036
1.929051	0.909668
1.933701	0.910303
1.938363	0.910939
1.943036	0.911578
1.947721	0.912218
1.952416	0.912758
1.957123	0.913287
1.961842	0.913819
1.966571	0.914351
1.971312	0.914880
1.976065	0.915402
1.980829	0.915912
1.985604	0.916406
1.990391	0.916901
1.995190	0.917398
