0.180000	0.099298
0.180434	0.100270
0.180869	0.101253
0.181305	0.102248
0.181742	0.103255
0.182180	0.104275
0.182619	0.105307
0.183060	0.106352
0.183501	0.107410
0.183943	0.108481
0.184387	0.109565
0.184831	0.110663
0.185277	0.111774
0.185724	0.112900
0.186171	0.114039
0.186620	0.115193
0.187070	0.116361
0.187521	0.117544
0.187973	0.118742
0.188426	0.119955
0.188881	0.121183
0.189336	0.122427
0.189793	0.123687
0.190250	0.124963
0.190709	0.126255
0.191169	0.127563
0.191629	0.128889
0.192091	0.130231
0.192555	0.131591
0.193019	0.132968
0.193484	0.134363
0.193951	0.135776
0.194418	0.137207
0.194887	0.138657
0.195357	0.140126
0.195828	0.141614
0.196300	0.143122
0.196773	0.144649
0.197247	0.146196
0.197723	0.147764
0.198200	0.149352
0.198677	0.150961
0.199156	0.152591
0.199637	0.154243
0.200118	0.155917
0.200600	0.157613
0.201084	0.159332
0.201569	0.161074
0.202055	0.162839
0.202542	0.164628
0.203030	0.166441
0.203520	0.168278
0.204010	0.170140
0.204502	0.172027
0.204995	0.173940
0.205489	0.175879
0.205985	0.177777
0.206481	0.179689
0.206979	0.181627
0.207478	0.183589
0.207978	0.185578
0.208480	0.187594
0.208982	0.189572
0.209486	0.191547
0.209991	0.193548
0.210497	0.195575
0.211005	0.197627
0.211514	0.199706
0.212024	0.201752
0.212535	0.203729
0.213047	0.205731
0.213561	0.207757
0.214076	0.209808
0.214592	0.211885
0.215109	0.213986
0.215628	0.216038
0.216147	0.218112
0.216669	0.220210
0.217191	0.222334
0.217715	0.224484
0.218239	0.226660
0.218766	0.228788
0.219293	0.230916
0.219822	0.233069
0.220352	0.235247
0.220883	0.237451
0.221415	0.239681
0.221949	0.241872
0.222484	0.243992
0.223021	0.246135
0.223558	0.248303
0.224097	0.250494
0.224637	0.252711
0.225179	0.254952
0.225722	0.257178
0.226266	0.259393
0.226812	0.261633
0.227358	0.263898
0.227907	0.266188
0.228456	0.268504
0.229007	0.270814
0.229559	0.273109
0.230112	0.275429
0.230667	0.277775
0.231223	0.280146
0.231781	0.282543
0.232339	0.284947
0.232900	0.287202
0.233461	0.289479
0.234024	0.291780
0.234588	0.294105
0.235154	0.296454
0.235721	0.298828
0.236289	0.301226
0.236858	0.303594
0.237429	0.305960
0.238002	0.308351
0.238576	0.310766
0.239151	0.313206
0.239727	0.315671
0.240305	0.318123
0.240885	0.320466
0.241465	0.322832
0.242048	0.325221
0.242631	0.327589
0.243216	0.329893
0.243802	0.332220
0.244390	0.334569
0.244979	0.336935
0.245570	0.339267
0.246162	0.341621
0.246755	0.343998
0.247350	0.346396
0.247947	0.348818
0.248544	0.351262
0.249144	0.353729
0.249744	0.356219
0.250346	0.358619
0.250950	0.360943
0.251555	0.363288
0.252161	0.365654
0.252769	0.368041
0.253379	0.370450
0.253990	0.372873
0.254602	0.375231
0.255216	0.377610
0.255831	0.380010
0.256448	0.382430
0.257066	0.384873
0.257686	0.387336
0.258307	0.389822
0.258930	0.392329
0.259554	0.394844
0.260180	0.397323
0.260807	0.399823
0.261436	0.402345
0.262066	0.404889
0.262698	0.407442
0.263331	0.409871
0.263966	0.412321
0.264602	0.414791
0.265240	0.417272
0.265880	0.419714
0.266521	0.422176
0.267163	0.424659
0.267807	0.427162
0.268453	0.429686
0.269100	0.432231
0.269749	0.434797
0.270399	0.437293
0.271051	0.439807
0.271705	0.442342
0.272360	0.444897
0.273016	0.447474
0.273674	0.450071
0.274334	0.452690
0.274996	0.455331
0.275659	0.457993
0.276323	0.460593
0.276989	0.463103
0.277657	0.465633
0.278327	0.468183
0.278998	0.470752
0.279670	0.473342
0.280344	0.475953
0.281020	0.478585
0.281698	0.481237
0.282377	0.483910
0.283058	0.486544
0.283740	0.489172
0.284424	0.491821
0.285110	0.392261
0.285797	0.164515
0.286486	0.084012
0.287177	0.004035
0.287869	0.000031
0.288563	0.000009
0.289259	0.000010
0.289956	0.000012
0.290655	0.000014
0.291356	0.000016
0.292058	0.000019
0.292763	0.000022
0.293468	0.000025
0.294176	0.000029
0.294885	0.000034
0.295596	0.000040
0.296309	0.000046
0.297023	0.000053
0.297739	0.000061
0.298457	0.000071
0.299176	0.000081
0.299898	0.000092
0.300621	0.000105
0.301345	0.000120
0.302072	0.000136
0.302800	0.000154
0.303530	0.000173
0.304262	0.000195
0.304995	0.000219
0.305731	0.000247
0.306468	0.000275
0.307207	0.000307
0.307947	0.000342
0.308690	0.000378
0.309434	0.000419
0.310180	0.000463
0.310928	0.000510
0.311677	0.000558
0.312429	0.000608
0.313182	0.000664
0.313937	0.000724
0.314694	0.000788
0.315453	0.000854
0.316213	0.000918
0.316975	0.000987
0.317740	0.001062
0.318506	0.001142
0.319273	0.001221
0.320043	0.001302
0.320815	0.001384
0.321588	0.001471
0.322363	0.001564
0.323141	0.001663
0.323920	0.001756
0.324701	0.001847
0.325483	0.001942
0.326268	0.002041
0.327055	0.002144
0.327843	0.002253
0.328634	0.002362
0.329426	0.002460
0.330220	0.002561
0.331016	0.002667
0.331814	0.002776
0.332614	0.002889
0.333416	0.003007
0.334220	0.003129
0.335026	0.003230
0.335833	0.003336
0.336643	0.003445
0.337454	0.003557
0.338268	0.003674
0.339084	0.003795
0.339901	0.003918
0.340721	0.004041
0.341542	0.004162
0.342365	0.004269
0.343191	0.004378
0.344018	0.004490
0.344847	0.004606
0.345679	0.004724
0.346512	0.004846
0.347348	0.004972
0.348185	0.005096
0.349024	0.005222
0.349866	0.005351
0.350709	0.005484
0.351555	0.005617
0.352402	0.005739
0.353252	0.005863
0.354104	0.005991
0.354957	0.006122
0.355813	0.006256
0.356671	0.006393
0.357531	0.006534
0.358393	0.006671
0.359257	0.006810
0.360123	0.006953
0.360991	0.007099
0.361861	0.007248
0.362734	0.007401
0.363608	0.007557
0.364485	0.007717
0.365364	0.007881
0.366244	0.008043
0.367127	0.008204
0.368012	0.008369
0.368900	0.008537
0.369789	0.008709
0.370681	0.008884
0.371574	0.009064
0.372470	0.009247
0.373368	0.009435
0.374268	0.009625
0.375170	0.009830
0.376075	0.010062
0.376982	0.010301
0.377890	0.010545
0.378801	0.010797
0.379715	0.011054
0.380630	0.011319
0.381548	0.011591
0.382468	0.011862
0.383390	0.012131
0.384314	0.012407
0.385240	0.012690
0.386169	0.012980
0.387100	0.013278
0.388033	0.013583
0.388969	0.013896
0.389907	0.014205
0.390847	0.014508
0.391789	0.014818
0.392733	0.015136
0.393680	0.015462
0.394629	0.015795
0.395581	0.016136
0.396535	0.016486
0.397490	0.016843
0.398449	0.017210
0.399409	0.017585
0.400372	0.017970
0.401338	0.018364
0.402305	0.018768
0.403275	0.019183
0.404247	0.019608
0.405222	0.020045
0.406199	0.020491
0.407178	0.020949
0.408160	0.021419
0.409144	0.021900
0.410130	0.022393
0.411119	0.022898
0.412110	0.023416
0.413103	0.023934
0.414099	0.024453
0.415098	0.024985
0.416098	0.025530
0.417102	0.026087
0.418107	0.026659
0.419115	0.027244
0.420126	0.027828
0.421138	0.028410
0.422154	0.029005
0.423172	0.029615
0.424192	0.030238
0.425214	0.030877
0.426239	0.031530
0.427267	0.032191
0.428297	0.032853
0.429330	0.033531
0.430365	0.034224
0.431402	0.034899
0.432442	0.035587
0.433485	0.036291
0.434530	0.037010
0.435578	0.037745
0.436628	0.038496
0.437680	0.039264
0.438736	0.040050
0.439793	0.040853
0.440854	0.041674
0.441916	0.042508
0.442982	0.043326
0.444050	0.044162
0.445120	0.045016
0.446193	0.045888
0.447269	0.046769
0.448347	0.047632
0.449428	0.048513
0.450512	0.049412
0.451598	0.050331
0.452687	0.051269
0.453778	0.052226
0.454872	0.053204
0.455969	0.054203
0.457068	0.055222
0.458170	0.056264
0.459274	0.057276
0.460382	0.058290
0.461491	0.059325
0.462604	0.060381
0.463719	0.061458
0.464837	0.062509
0.465958	0.063561
0.467081	0.064633
0.468207	0.065725
0.469336	0.066839
0.470468	0.067975
0.471602	0.069132
0.472739	0.070307
0.473879	0.071485
0.475021	0.072686
0.476166	0.073905
0.477314	0.075079
0.478465	0.076275
0.479618	0.077488
0.480775	0.078724
0.481934	0.079982
0.483096	0.081264
0.484260	0.082569
0.485428	0.083899
0.486598	0.085253
0.487771	0.086580
0.488947	0.087903
0.490126	0.089248
0.491307	0.090618
0.492492	0.092012
0.493679	0.093431
0.494869	0.094875
0.496063	0.096270
0.497258	0.097632
0.498457	0.099016
0.499659	0.100423
0.500864	0.101853
0.502071	0.103307
0.503281	0.104786
0.504495	0.106290
0.505711	0.107819
0.506930	0.109373
0.508152	0.110927
0.509377	0.112429
0.510606	0.113955
0.511837	0.115505
0.513070	0.117080
0.514307	0.118680
0.515547	0.120306
0.516790	0.121955
0.518036	0.123626
0.519285	0.125324
0.520537	0.127043
0.521792	0.128671
0.523050	0.130325
0.524311	0.132004
0.525575	0.133708
0.526842	0.135439
0.528112	0.137196
0.529385	0.137175
0.530662	0.040213
0.531941	0.097770
0.533223	0.109055
0.534509	0.086226
0.535797	0.069650
0.537089	0.052995
0.538384	0.038288
0.539682	0.028532
0.540983	0.028352
0.542287	0.037069
0.543595	0.042882
0.544905	0.047515
0.546219	0.053298
0.547536	0.057868
0.548856	0.059774
0.550179	0.061555
0.551505	0.062592
0.552835	0.063214
0.554168	0.066255
0.555504	0.067065
0.556843	0.066742
0.558185	0.070270
0.559531	0.070228
0.560880	0.071438
0.562232	0.073905
0.563588	0.076463
0.564946	0.079097
0.566308	0.081744
0.567674	0.084486
0.569042	0.087224
0.570414	0.089585
0.571789	0.091255
0.573168	0.093026
0.574550	0.095825
0.575935	0.097222
0.577323	0.097766
0.578715	0.096846
0.580110	0.097904
0.581509	0.101118
0.582911	0.102428
0.584316	0.104892
0.585725	0.105959
0.587137	0.108552
0.588552	0.109822
0.589971	0.110053
0.591394	0.113117
0.592820	0.114661
0.594249	0.116208
0.595681	0.117780
0.597117	0.119378
0.598557	0.120997
0.600000	0.122556
0.601447	0.124139
0.602897	0.125729
0.604350	0.127313
0.605807	0.128922
0.607267	0.130555
0.608732	0.132212
0.610199	0.133895
0.611670	0.135484
0.613145	0.137089
0.614623	0.138717
0.616105	0.140368
0.617590	0.142043
0.619079	0.143742
0.620572	0.145442
0.622068	0.147153
0.623567	0.148888
0.625071	0.150648
0.626578	0.152433
0.628088	0.154173
0.629602	0.155887
0.631120	0.157624
0.632642	0.159384
0.634167	0.161168
0.635696	0.162977
0.637228	0.164811
0.638765	0.166653
0.640305	0.168495
0.641848	0.170361
0.643396	0.172253
0.644947	0.174170
0.646502	0.176113
0.648060	0.178076
0.649623	0.179941
0.651189	0.181830
0.652759	0.183743
0.654333	0.185679
0.655910	0.187638
0.657491	0.189623
0.659076	0.191501
0.660665	0.193321
0.662258	0.195162
0.663855	0.197026
0.665455	0.198911
0.667060	0.200820
0.668668	0.202751
0.670280	0.204706
0.671896	0.206674
0.673516	0.208623
0.675139	0.210596
0.676767	0.212593
0.678398	0.214613
0.680034	0.216658
0.681673	0.217705
0.683317	0.222071
0.684964	0.224332
0.686616	0.205687
0.688271	0.126408
0.689930	0.115124
0.691594	0.105325
0.693261	0.112663
0.694932	0.109772
0.696608	0.124239
0.698287	0.137764
0.699970	0.150587
0.701658	0.162143
0.703350	0.165754
0.705045	0.168855
0.706745	0.174680
0.708449	0.177827
0.710157	0.181374
0.711869	0.182295
0.713585	0.185073
0.715306	0.184753
0.717030	0.184303
0.718759	0.186806
0.720491	0.185832
0.722228	0.188631
0.723970	0.186071
0.725715	0.187510
0.727465	0.187723
0.729218	0.190157
0.730976	0.195716
0.732739	0.198365
0.734505	0.201057
0.736276	0.203792
0.738051	0.206540
0.739830	0.209297
0.741614	0.212097
0.743402	0.214905
0.745194	0.217712
0.746991	0.220562
0.748792	0.223413
0.750597	0.226224
0.752406	0.229077
0.754220	0.231974
0.756039	0.234911
0.757861	0.237734
0.759688	0.240597
0.761520	0.243502
0.763356	0.246391
0.765196	0.249304
0.767041	0.252246
0.768890	0.255161
0.770744	0.258116
0.772602	0.261086
0.774465	0.264000
0.776332	0.266953
0.778203	0.269947
0.780079	0.272981
0.781960	0.276026
0.783845	0.279049
0.785735	0.281948
0.787629	0.284771
0.789528	0.287630
0.791432	0.290524
0.793340	0.293454
0.795252	0.296212
0.797169	0.298905
0.799091	0.301582
0.801018	0.304261
0.802949	0.306969
0.804885	0.309709
0.806825	0.312480
0.808770	0.315154
0.810720	0.317829
0.812675	0.320532
0.814634	0.323266
0.816598	0.326016
0.818567	0.328743
0.820540	0.331422
0.822518	0.334088
0.824501	0.336782
0.826489	0.339504
0.828481	0.342255
0.830479	0.344858
0.832481	0.347376
0.834488	0.349857
0.836500	0.352362
0.838516	0.354890
0.840538	0.357444
0.842564	0.360022
0.844596	0.362582
0.846632	0.365041
0.848673	0.367522
0.850719	0.370026
0.852770	0.372554
0.854826	0.375105
0.856887	0.377680
0.858952	0.380201
0.861023	0.382708
0.863099	0.385237
0.865180	0.387743
0.867266	0.390101
0.869357	0.392478
0.871452	0.394876
0.873553	0.397295
0.875659	0.399734
0.877770	0.402045
0.879887	0.404361
0.882008	0.406697
0.884134	0.408792
0.886266	0.410894
0.888402	0.413012
0.890544	0.415138
0.892691	0.417238
0.894843	0.419354
0.897001	0.421463
0.899163	0.423514
0.901331	0.425580
0.903504	0.427661
0.905682	0.429757
0.907866	0.431869
0.910054	0.433996
0.912248	0.436139
0.914448	0.438297
0.916652	0.440472
0.918862	0.442662
0.921077	0.444817
0.923298	0.446968
0.925524	0.449134
0.927755	0.451316
0.929992	0.453354
0.932234	0.455370
0.934481	0.457401
0.936734	0.459445
0.938993	0.461503
0.941256	0.463576
0.943526	0.465663
0.945800	0.467764
0.948080	0.469880
0.950366	0.472010
0.952657	0.474127
0.954954	0.476229
0.957256	0.478345
0.959564	0.480476
0.961877	0.482622
0.964196	0.484782
0.966521	0.486957
0.968851	0.489147
0.971187	0.491352
0.973528	0.493573
0.975875	0.495809
0.978228	0.498052
0.980586	0.500143
0.982950	0.502214
0.985320	0.504258
0.987695	0.506316
0.990077	0.508387
0.992464	0.510472
0.994856	0.512570
0.997255	0.514682
0.999659	0.516507
1.002069	0.518315
1.004485	0.520134
1.006906	0.521964
1.009334	0.523804
1.011767	0.525656
1.014207	0.527518
1.016652	0.529392
1.019103	0.531258
1.021559	0.533108
1.024022	0.535011
1.026491	0.536937
1.028966	0.538874
1.031446	0.540823
1.033933	0.542784
1.036426	0.544757
1.038924	0.546742
1.041429	0.548739
1.043940	0.550748
1.046457	0.552750
1.048980	0.554731
1.051508	0.556724
1.054043	0.558729
1.056585	0.560746
1.059132	0.562775
1.061685	0.564637
1.064245	0.566477
1.066810	0.568328
1.069382	0.570190
1.071961	0.572062
1.074545	0.573945
1.077135	0.575838
1.079732	0.577742
1.082335	0.579654
1.084945	0.581576
1.087560	0.583510
1.090182	0.585456
1.092811	0.587434
1.095445	0.589425
1.098086	0.591427
1.100733	0.593440
1.103387	0.595465
1.106047	0.597502
1.108714	0.599551
1.111387	0.601612
1.114066	0.603685
1.116752	0.605771
1.119444	0.607868
1.122143	0.609978
1.124848	0.612045
1.127560	0.614121
1.130278	0.616108
1.133003	0.618046
1.135735	0.619994
1.138473	0.621898
1.141218	0.623785
1.143969	0.625683
1.146727	0.627590
1.149492	0.629509
1.152263	0.631438
1.155041	0.633377
1.157825	0.635041
1.160617	0.636687
1.163415	0.638341
1.166220	0.640004
1.169031	0.641674
1.171849	0.643354
1.174675	0.645006
1.177507	0.646642
1.180345	0.648286
1.183191	0.649939
1.186044	0.651600
1.188903	0.653269
1.191769	0.654946
1.194642	0.656632
1.197522	0.658326
1.200409	0.660029
1.203303	0.661740
1.206204	0.663460
1.209112	0.665188
1.212027	0.666919
1.214949	0.668657
1.217878	0.670404
1.220815	0.672160
1.223758	0.673925
1.226708	0.675698
1.229666	0.677481
1.232630	0.679194
1.235602	0.680914
1.238581	0.682642
1.241567	0.684378
1.244560	0.686123
1.247560	0.687793
1.250568	0.689410
1.253583	0.691035
1.256605	0.692667
1.259634	0.694307
1.262671	0.695955
1.265715	0.697611
1.268767	0.699274
1.271826	0.700946
1.274892	0.702603
1.277965	0.704242
1.281046	0.705889
1.284135	0.707543
1.287231	0.709205
1.290334	0.710876
1.293445	0.712554
1.296563	0.714240
1.299689	0.715935
1.302822	0.715758
1.305963	0.717390
1.309112	0.719030
1.312268	0.720678
1.315431	0.722333
1.318603	0.723996
1.321782	0.725668
1.324968	0.727217
1.328163	0.728702
1.331365	0.730172
1.334574	0.731647
1.337792	0.733116
1.341017	0.734559
1.344250	0.736008
1.347491	0.737463
1.350739	0.738924
1.353996	0.740392
1.357260	0.741866
1.360532	0.743324
1.363812	0.744789
1.367100	0.746260
1.370396	0.747737
1.373700	0.749222
1.377012	0.750683
1.380331	0.752135
1.383659	0.753593
1.386995	0.755058
1.390339	0.756509
1.393691	0.757964
1.397051	0.759426
1.400419	0.760893
1.403795	0.762367
1.407179	0.763848
1.410572	0.765196
1.413972	0.766509
1.417381	0.767825
1.420798	0.769084
1.424224	0.770348
1.427657	0.771618
1.431099	0.772892
1.434549	0.774172
1.438008	0.775456
1.441475	0.776747
1.444950	0.778042
1.448433	0.779343
1.451925	0.780649
1.455426	0.781947
1.458934	0.783240
1.462452	0.784526
1.465977	0.785788
1.469512	0.787055
1.473054	0.788327
1.476606	0.789604
1.480166	0.790887
1.483734	0.792175
1.487311	0.793468
1.490897	0.794753
1.494491	0.796037
1.498094	0.797327
1.501706	0.798622
1.505326	0.799923
1.508955	0.801199
1.512593	0.802341
1.516240	0.803449
1.519895	0.804559
1.523559	0.805674
1.527233	0.806792
1.530914	0.807895
1.534605	0.809001
1.538305	0.810112
1.542014	0.811227
1.545731	0.812346
1.549458	0.813470
1.553193	0.814597
1.556938	0.815729
1.560691	0.816866
1.564454	0.817978
1.568225	0.819063
1.572006	0.820152
1.575796	0.821245
1.579595	0.822342
1.583403	0.823443
1.587221	0.824548
1.591047	0.825657
1.594883	0.826771
1.598728	0.827889
1.602582	0.829010
1.606446	0.830137
1.610319	0.831245
1.614201	0.832358
1.618092	0.833471
1.621993	0.834552
1.625904	0.835637
1.629824	0.836579
1.633753	0.837511
1.637692	0.838446
1.641640	0.839384
1.645598	0.840326
1.649565	0.841267
1.653542	0.842196
1.657528	0.843128
1.661524	0.844064
1.665530	0.845002
1.669545	0.845945
1.673570	0.846890
1.677605	0.847836
1.681649	0.848749
1.685704	0.849666
1.689768	0.850586
1.693841	0.851507
1.697925	0.852414
1.702018	0.853325
1.706122	0.854239
1.710235	0.855156
1.714358	0.856076
1.718491	0.856999
1.722634	0.857926
1.726787	0.858855
1.730950	0.859789
1.735123	0.860725
1.739306	0.861665
1.743500	0.862605
1.747703	0.863498
1.751916	0.864394
1.756140	0.865294
1.760374	0.866196
1.764618	0.867102
1.768872	0.868010
1.773136	0.868856
1.777411	0.869624
1.781696	0.870395
1.785992	0.871168
1.790297	0.871944
1.794613	0.872723
1.798940	0.873487
1.803277	0.874252
1.807624	0.875020
1.811982	0.875791
1.816351	0.876555
1.820730	0.877295
1.825119	0.878037
1.829519	0.878781
1.833930	0.879528
1.838351	0.880277
1.842783	0.881028
1.847226	0.881783
1.851679	0.882532
1.856143	0.883274
1.860618	0.884018
1.865104	0.884765
1.869600	0.885513
1.874108	0.886265
1.878626	0.887019
1.883155	0.887775
1.887695	0.888534
1.892246	0.889295
1.896808	0.890024
1.901381	0.890756
1.905965	0.891490
1.910560	0.892213
1.915166	0.892935
1.919783	0.893659
1.924411	0.894385
1.929051	0.895114
1.933701	0.895846
1.938363	0.896579
1.943036	0.897315
1.947721	0.898054
1.952416	0.898675
1.957123	0.899285
1.961842	0.899896
1.966571	0.900509
1.971312	0.901117
1.976065	0.901717
1.980829	0.902303
1.985604	0.902873
1.990391	0.903445
1.995190	0.904018
