FORPRINT: Mon Sep 27 13:43:02 2004
     0.202595     0.908108
     0.211519     0.916571
     0.221085     0.924883
     0.231366     0.933051
     0.242431     0.941069
     0.249797     0.945913
     0.262645     0.953473
     0.276565     0.960872
     0.284930     0.964971
     0.284943     0.964401
     0.285100     0.940247
     0.285113     0.937318
     0.285428     0.860360
     0.285441     0.858619
     0.285586     0.843948
     0.285599     0.842926
     0.286245     0.842926
     0.286258     0.842048
     0.286417     0.801913
     0.286430     0.797652
     0.286894     0.635407
     0.287253     0.510230
     0.287586     0.392927
     0.287867     0.294392
     0.287907     0.280315
     0.287920     0.276228
     0.288081     0.248520
     0.288094     0.248064
     0.290008     0.261121
     0.292099     0.275955
     0.292540     0.279084
     0.294625     0.295061
     0.296798     0.311464
     0.299060     0.328293
     0.301401     0.345442
     0.303140     0.357978
     0.305636     0.375669
     0.307257     0.386970
     0.309992     0.404640
     0.311112     0.411748
     0.314107     0.429138
     0.315241     0.435599
     0.318578     0.452387
     0.319333     0.456085
     0.323027     0.472205
     0.323482     0.474115
     0.327637     0.489185
     0.328418     0.491924
     0.333130     0.505881
     0.334189     0.508909
     0.339590     0.521668
     0.341329     0.525638
     0.347606     0.537272
     0.351389     0.544030
     0.358419     0.555067
     0.365735     0.566104
     0.373357     0.577141
     0.374892     0.579374
     0.382031     0.591781
     0.389447     0.604187
     0.397156     0.616594
     0.404754     0.628436
     0.412593     0.641598
     0.420742     0.654761
     0.429249     0.667968
     0.439629     0.683446
     0.448861     0.696711
     0.458454     0.709930
     0.465616     0.719386
     0.476094     0.732389
     0.487015     0.745348
     0.495778     0.755280
     0.507841     0.767886
     0.520461     0.780449
     0.527952     0.787547
     0.541984     0.799587
     0.556682     0.811548
     0.564694     0.817722
     0.581158     0.829121
     0.598495     0.840446
     0.607587     0.846041
     0.627197     0.856754
     0.647911     0.867366
     0.658161     0.872282
     0.681907     0.882126
     0.707108     0.891850
     0.725818     0.898558
     0.754254     0.907909
     0.784611     0.917143
     0.793347     0.919505
     0.828883     0.927922
     0.867023     0.936189
     0.882074     0.939144
     0.928165     0.946546
     0.978103     0.953778
     0.997460     0.956273
      1.05988     0.962591
      1.12857     0.968735
      1.15528     0.970815
      1.24582     0.975967
      1.32292     0.979774
      1.40795     0.983067
      1.50832     0.986097
      1.62624     0.988811
      1.77120     0.991263
      1.94821     0.993386
      2.17975     0.995242
      2.48864     0.996786
      2.93107     0.998029
      3.63377     0.998971
      4.97929     0.999609
      9.17043     0.999942
      10.3320     0.999960
