FORPRINT: Mon Sep 27 13:43:34 2004
     0.202595     0.234266
     0.204622     0.243834
     0.206723     0.253561
     0.208897     0.263415
     0.211145     0.273394
     0.213472     0.283500
     0.215880     0.293732
     0.218374     0.304090
     0.220959     0.314575
     0.223629     0.325155
     0.226397     0.335861
     0.228770     0.344873
     0.231625     0.356125
     0.234588     0.367512
     0.237645     0.378966
     0.240812     0.390522
     0.244092     0.402178
     0.244931     0.405179
     0.248266     0.417340
     0.251714     0.429573
     0.255290     0.441912
     0.259675     0.456749
     0.263482     0.469462
     0.267426     0.482249
     0.271514     0.495110
     0.276973     0.511957
     0.281360     0.525082
     0.285915     0.538282
     0.292512     0.557081
     0.297410     0.570585
     0.302504     0.584166
     0.307791     0.597787
     0.314043     0.613406
     0.319745     0.627151
     0.325674     0.640935
     0.331208     0.653097
     0.337648     0.666723
     0.344305     0.680271
     0.351409     0.693719
     0.358792     0.707130
     0.365455     0.718735
     0.373514     0.731977
     0.381937     0.745218
     0.390723     0.758424
     0.402285     0.775087
     0.411881     0.788285
     0.419631     0.798450
     0.430441     0.811094
     0.441760     0.823669
     0.447016     0.829206
     0.459780     0.841022
     0.473186     0.852747
     0.478297     0.856945
     0.493450     0.867953
     0.509469     0.878878
     0.516171     0.883149
     0.534461     0.893304
     0.553897     0.903361
     0.563770     0.908110
     0.586269     0.917405
     0.610279     0.926567
     0.625678     0.931987
     0.653581     0.940538
     0.681157     0.948301
     0.681232     0.964957
     0.681307     0.959184
     0.681382     0.952577
     0.681457     0.957591
     0.681532     0.964612
     0.681607     0.951847
     0.681682     0.932245
     0.681757     0.926722
     0.681832     0.929243
     0.681907     0.935858
     0.681982     0.946107
     0.682057     0.952116
     0.682207     0.952676
     0.682357     0.954001
     0.682432     0.954285
     0.682507     0.954787
     0.682808     0.964028
     0.682958     0.964854
     0.683109     0.967055
     0.683184     0.967642
     0.683259     0.967964
     0.683335     0.968966
     0.683561     0.973468
     0.683636     0.974276
     0.683938     0.972798
     0.684315     0.973922
     0.684391     0.974070
     0.684542     0.972756
     0.684618     0.973241
     0.684845     0.975520
     0.684920     0.974493
     0.684996     0.972545
     0.685072     0.969154
     0.685147     0.964705
     0.685223     0.961360
     0.685299     0.959153
     0.685375     0.956186
     0.685450     0.952091
     0.685526     0.947637
     0.685602     0.942407
     0.685678     0.936360
     0.685754     0.927687
     0.685830     0.918547
     0.685905     0.906869
     0.685981     0.894836
     0.686133     0.861723
     0.686285     0.830782
     0.686361     0.806210
     0.686437     0.780757
     0.686513     0.753149
     0.686589     0.725132
     0.686741     0.669397
     0.686817     0.639057
     0.686893     0.607475
     0.686970     0.574382
     0.687046     0.540221
     0.687122     0.505757
     0.687198     0.471048
     0.687274     0.437306
     0.687350     0.404820
     0.687427     0.373303
     0.687503     0.343478
     0.687579     0.314805
     0.687655     0.288845
     0.687732     0.264009
     0.687808     0.242789
     0.687884     0.221982
     0.687961     0.203197
     0.688037     0.184839
     0.688113     0.170517
     0.688190     0.156271
     0.688343     0.134133
     0.688419     0.125118
     0.688496     0.116190
     0.688572     0.109731
     0.688648     0.103574
     0.688725    0.0991584
     0.688801    0.0951198
     0.688878    0.0924822
     0.688955    0.0902947
     0.689031    0.0888161
     0.689108    0.0876522
     0.689184    0.0873661
     0.689261    0.0875926
     0.689338    0.0882969
     0.689414    0.0893627
     0.689491    0.0906397
     0.689568    0.0921236
     0.689644    0.0939854
     0.689721    0.0963093
     0.689798    0.0988458
     0.689875     0.101710
     0.689951     0.104289
     0.690028     0.106287
     0.690105     0.108264
     0.690182     0.110183
     0.690259     0.111890
     0.690336     0.112843
     0.690412     0.113550
     0.690489     0.112988
     0.690566     0.112270
     0.690643     0.110264
     0.690720     0.108229
     0.690874     0.103152
     0.691028    0.0968987
     0.691105    0.0932112
     0.691182    0.0894825
     0.691259    0.0864110
     0.691336    0.0834159
     0.691414    0.0806468
     0.691491    0.0779248
     0.691568    0.0760118
     0.691645    0.0743200
     0.691722    0.0735150
     0.691799    0.0730227
     0.691876    0.0727109
     0.691954    0.0724786
     0.692031    0.0723354
     0.692108    0.0722407
     0.692186    0.0726413
     0.692263    0.0733677
     0.692340    0.0745446
     0.692417    0.0760761
     0.692495    0.0774702
     0.692572    0.0787320
     0.692650    0.0800710
     0.692727    0.0814947
     0.692804    0.0831276
     0.692882    0.0850401
     0.692959    0.0867915
     0.693037    0.0882957
     0.693114    0.0896492
     0.693192    0.0907280
     0.693269    0.0913365
     0.693347    0.0909130
     0.693424    0.0903883
     0.693502    0.0895989
     0.693579    0.0887739
     0.693735    0.0869132
     0.693968    0.0842427
     0.694045    0.0833093
     0.694123    0.0821116
     0.694201    0.0810283
     0.694356    0.0808813
     0.694512    0.0804522
     0.694668    0.0800660
     0.694823    0.0805819
     0.694979    0.0819136
     0.695135    0.0834818
     0.695291    0.0847676
     0.695369    0.0857289
     0.695447    0.0867288
     0.695525    0.0882796
     0.695603    0.0899138
     0.695759    0.0930464
     0.695837    0.0952398
     0.695915    0.0975680
     0.695993    0.0996601
     0.696072     0.101690
     0.696150     0.104041
     0.696228     0.106481
     0.696306     0.109190
     0.696384     0.111985
     0.696463     0.114323
     0.696541     0.116501
     0.696697     0.120937
     0.696776     0.123578
     0.696854     0.126395
     0.697011     0.131922
     0.697089     0.134796
     0.697168     0.137726
     0.697246     0.140551
     0.697324     0.143317
     0.697403     0.145737
     0.697481     0.147960
     0.697560     0.149861
     0.697638     0.151568
     0.697717     0.153014
     0.697795     0.154294
     0.697874     0.155457
     0.697952     0.156538
     0.698031     0.157477
     0.698110     0.158312
     0.698188     0.159290
     0.698424     0.162541
     0.698503     0.163941
     0.698582     0.165590
     0.698660     0.167442
     0.698739     0.169463
     0.698818     0.171187
     0.698897     0.172665
     0.698976     0.174455
     0.699054     0.176526
     0.699133     0.178684
     0.699212     0.180916
     0.699291     0.183017
     0.699370     0.184995
     0.699449     0.187287
     0.699528     0.189881
     0.699607     0.192784
     0.699686     0.195987
     0.699764     0.199288
     0.699843     0.202690
     0.699923     0.206249
     0.700002     0.209954
     0.700081     0.213449
     0.700160     0.216737
     0.700239     0.219928
     0.700318     0.223023
     0.700397     0.225968
     0.700476     0.228769
     0.700634     0.234504
     0.700714     0.236800
     0.700951     0.242044
     0.701031     0.244212
     0.701110     0.246751
     0.701189     0.248763
     0.701268     0.250331
     0.701348     0.251767
     0.701427     0.253096
     0.701586     0.255926
     0.701665     0.257442
     0.701745     0.259019
     0.701824     0.260397
     0.701904     0.261635
     0.701983     0.262344
     0.702063     0.262693
     0.702142     0.263148
     0.702222     0.263673
     0.702381     0.264570
     0.702540     0.265199
     0.702620     0.265709
     0.702699     0.266338
     0.702779     0.266437
     0.702859     0.266269
     0.702938     0.266543
     0.703018     0.267023
     0.703257     0.268176
     0.703497     0.269493
     0.703656     0.270220
     0.703736     0.270773
     0.703816     0.271383
     0.703896     0.271322
     0.703976     0.271097
     0.704136     0.270850
     0.704296     0.271065
     0.704376     0.271909
     0.704456     0.272856
     0.704536     0.273226
     0.704616     0.273533
     0.704776     0.274390
     0.704937     0.275866
     0.705097     0.278147
     0.705418     0.280212
     0.705579     0.282068
     0.705659     0.282553
     0.705739     0.283138
     0.705820     0.284332
     0.705900     0.285643
     0.705980     0.287501
     0.706061     0.289189
     0.706141     0.290226
     0.706222     0.291515
     0.706302     0.293580
     0.706383     0.295508
     0.706463     0.297091
     0.706544     0.298555
     0.706624     0.299763
     0.706705     0.300790
     0.706785     0.301486
     0.706866     0.301816
     0.706946     0.301557
     0.707027     0.301444
     0.707108     0.301520
     0.707188     0.301783
     0.707269     0.302263
     0.707350     0.303256
     0.707431     0.304753
     0.707511     0.306031
     0.707592     0.307130
     0.707673     0.307432
     0.707834     0.306885
     0.707915     0.306555
     0.707996     0.307131
     0.708158     0.309073
     0.708239     0.309995
     0.708320     0.310215
     0.708401     0.310230
     0.708482     0.310690
     0.708563     0.311245
     0.708643     0.312281
     0.708725     0.313388
     0.708887     0.316383
     0.709049     0.317522
     0.709211     0.318845
     0.709373     0.318901
     0.709455     0.319114
     0.709536     0.319667
     0.709617     0.321748
     0.709698     0.323333
     0.709779     0.323304
     0.709861     0.323023
     0.709942     0.322136
     0.710023     0.321777
     0.710105     0.322403
     0.710186     0.322831
     0.710267     0.322968
     0.710349     0.323183
     0.710430     0.323490
     0.710512     0.323523
     0.710593     0.323306
     0.710675     0.322676
     0.710756     0.321751
     0.710837     0.321276
     0.710919     0.321051
     0.711001     0.321009
     0.711082     0.321043
     0.711164     0.322131
     0.711245     0.323537
     0.711327     0.323112
     0.711408     0.322317
     0.711572     0.321337
     0.711735     0.321249
     0.711817     0.319868
     0.711899     0.318612
     0.711980     0.318558
     0.712062     0.318420
     0.712144     0.317847
     0.712226     0.317479
     0.712308     0.317798
     0.712390     0.318263
     0.712471     0.319065
     0.712553     0.319279
     0.712635     0.318492
     0.712717     0.317931
     0.712799     0.317656
     0.712881     0.317493
     0.712963     0.317435
     0.713045     0.317901
     0.713127     0.318740
     0.713455     0.322527
     0.713537     0.324782
     0.713620     0.327340
     0.713702     0.327264
     0.713784     0.326846
     0.713948     0.327431
     0.714195     0.326664
     0.714277     0.326587
     0.714360     0.327230
     0.714442     0.327502
     0.714524     0.326820
     0.714607     0.325927
     0.714689     0.324654
     0.714772     0.323018
     0.714854     0.320903
     0.714936     0.319389
     0.715019     0.318416
     0.715101     0.317728
     0.715184     0.317230
     0.715266     0.316290
     0.715349     0.315143
     0.715431     0.314620
     0.715514     0.314284
     0.715597     0.314387
     0.715679     0.314564
     0.715762     0.312871
     0.715845     0.311104
     0.716010     0.310284
     0.716175     0.309653
     0.716258     0.309464
     0.716341     0.309095
     0.716424     0.308305
     0.716506     0.307626
     0.716672     0.306586
     0.716755     0.306018
     0.716838     0.305726
     0.716921     0.305635
     0.717004     0.305369
     0.717087     0.305016
     0.717170     0.305467
     0.717253     0.306165
     0.717335     0.306402
     0.717419     0.306566
     0.717585     0.307853
     0.717751     0.307588
     0.717834     0.307138
     0.717917     0.306823
     0.718000     0.306906
     0.718083     0.307443
     0.718167     0.308810
     0.718250     0.310098
     0.718333     0.311289
     0.718416     0.311698
     0.718499     0.311480
     0.718583     0.310858
     0.718666     0.310024
     0.718749     0.310351
     0.718833     0.311042
     0.718916     0.310135
     0.719000     0.308978
     0.719083     0.307314
     0.719166     0.305711
     0.719250     0.305032
     0.719333     0.304427
     0.719417     0.304152
     0.719500     0.304094
     0.719584     0.304564
     0.719667     0.304732
     0.719751     0.304445
     0.719834     0.303859
     0.719918     0.302983
     0.720085     0.301417
     0.720169     0.300406
     0.720253     0.299300
     0.720336     0.298841
     0.720420     0.298504
     0.720504     0.297205
     0.720587     0.295976
     0.720671     0.296472
     0.720755     0.297155
     0.720839     0.298694
     0.720923     0.299995
     0.721006     0.300725
     0.721090     0.301394
     0.721174     0.301973
     0.721258     0.302103
     0.721342     0.301829
     0.721426     0.301997
     0.721510     0.302412
     0.721678     0.302853
     0.721846     0.303058
     0.722014     0.304249
     0.722098     0.304446
     0.722182     0.304451
     0.722267     0.303853
     0.722351     0.302643
     0.722519     0.298044
     0.722603     0.295689
     0.722688     0.294211
     0.722772     0.293320
     0.722856     0.291619
     0.722940     0.289631
     0.723025     0.288500
     0.723109     0.287521
     0.723278     0.286796
     0.723531     0.285222
     0.723615     0.284848
     0.723700     0.284724
     0.723784     0.284266
     0.723869     0.283462
     0.723953     0.283138
     0.724038     0.283106
     0.724123     0.283644
     0.724207     0.284371
     0.724376     0.286873
     0.724630     0.287911
     0.724715     0.287956
     0.724800     0.287198
     0.724885     0.286657
     0.724969     0.286416
     0.725054     0.285869
     0.725139     0.285081
     0.725224     0.284568
     0.725309     0.284178
     0.725479     0.284011
     0.725563     0.283945
     0.725648     0.283732
     0.725733     0.282330
     0.725818     0.281155
     0.725903     0.280663
     0.725988     0.279628
     0.726073     0.277748
     0.726158     0.276630
     0.726243     0.276176
     0.726328     0.276047
     0.726584     0.276098
     0.726669     0.275681
     0.726754     0.275416
     0.726839     0.276536
     0.726925     0.277493
     0.727010     0.277977
     0.727095     0.277877
     0.727180     0.276906
     0.727266     0.276354
     0.727351     0.276147
     0.727436     0.276449
     0.727522     0.276971
     0.727607     0.276965
     0.727693     0.276863
     0.727949     0.279685
     0.728034     0.280504
     0.728120     0.281073
     0.728206     0.282051
     0.728291     0.283528
     0.728377     0.284019
     0.728462     0.283864
     0.728548     0.282539
     0.728634     0.280839
     0.728719     0.289855
     0.728805     0.298763
     0.728891     0.292009
     0.728976     0.287575
     0.729062     0.291148
     0.729148     0.289582
     0.729234     0.279668
     0.729319     0.282570
     0.729405     0.296447
     0.732075     0.304789
     0.737212     0.322332
     0.742599     0.340470
     0.748155     0.358905
     0.753887     0.377638
     0.756002     0.384536
     0.761949     0.404172
     0.768180     0.424422
     0.772199     0.437273
     0.778894     0.457701
     0.784214     0.473666
     0.791524     0.493962
     0.795587     0.505043
     0.803736     0.525181
     0.807189     0.533560
     0.816223     0.552916
     0.819243     0.559241
     0.829326     0.577477
     0.831551     0.581404
     0.842972     0.598382
     0.844350     0.600346
     0.857548     0.615894
     0.858974     0.617492
     0.874607     0.631329
     0.875843     0.632316
     0.894547     0.644284
     0.896488     0.645416
     0.919492     0.655638
     0.923326     0.657220
     0.951529     0.665946
     0.981354     0.674629
      1.01278     0.683223
      1.02213     0.685752
      1.05000     0.695947
      1.07925     0.706079
      1.08930     0.709508
      1.11537     0.721475
      1.14271     0.733442
      1.17121     0.745319
      1.20117     0.757196
      1.20937     0.760431
      1.23836     0.773195
      1.26877     0.785959
      1.29990     0.798404
      1.30017     0.797133
      1.32831     0.807129
      1.35710     0.816732
      1.38747     0.826211
      1.42021     0.835748
      1.45351     0.844778
      1.48841     0.853554
      1.52728     0.862703
      1.56585     0.871102
      1.60643     0.879232
      1.64873     0.886999
      1.69331     0.894484
      1.74429     0.902279
      1.79479     0.909316
      1.84996     0.916260
      1.90686     0.922702
      1.96925     0.929031
      2.03854     0.935253
      2.11289     0.941196
      2.19208     0.946764
      2.27829     0.952065
      2.37427     0.957180
      2.47969     0.962004
      2.59707     0.966567
      2.72733     0.970821
      2.87533     0.974834
      3.04181     0.978525
      3.23381     0.981950
      3.45745     0.985092
      3.72102     0.987943
      4.03858     0.990507
      4.42485     0.992748
      4.91221     0.994683
      5.55485     0.996320
      6.45079     0.997657
      7.81742     0.998695
      10.2466     0.999433
      10.3320     0.999449
