FORPRINT: Mon Sep 27 13:43:24 2004
     0.202595     0.504732
     0.205565     0.518802
     0.208636     0.532935
     0.211823     0.547164
     0.215124     0.561457
     0.218544     0.575813
     0.221733     0.588779
     0.225426     0.603200
     0.229252     0.617653
     0.232285     0.628724
     0.236467     0.642919
     0.240177     0.655068
     0.244999     0.668335
     0.250019     0.681601
     0.253941     0.691553
     0.259425     0.704565
     0.265150     0.717577
     0.269766     0.727615
     0.276036     0.740373
     0.282579     0.753082
     0.288255     0.763599
     0.295524     0.775949
     0.303125     0.788228
     0.308143     0.795930
     0.316609     0.807721
     0.325503     0.819446
     0.330942     0.826227
     0.340935     0.837375
     0.351469     0.848442
     0.357654     0.854553
     0.369617     0.864979
     0.382266     0.875294
     0.389594     0.880876
     0.404042     0.890579
     0.419404     0.900163
     0.426914     0.904501
     0.444866     0.913321
     0.464048     0.921990
     0.472501     0.925486
     0.495382     0.933340
     0.520068     0.941039
     0.528988     0.943645
     0.529033     0.942453
     0.529531     0.924686
     0.529576     0.917654
     0.530074     0.669419
     0.530119     0.646866
     0.530165     0.614282
     0.530346     0.469899
     0.530618     0.253290
     0.530664     0.217211
     0.530709     0.190956
     0.531255     0.239329
     0.531300     0.261120
     0.531665     0.481130
     0.531802     0.563637
     0.531847     0.587229
     0.532396     0.731035
     0.532441     0.732289
     0.532945     0.706643
     0.532991     0.703894
     0.533541     0.656159
     0.533587     0.649082
     0.534093     0.559234
     0.534139     0.551911
     0.534692     0.493935
     0.534738     0.489696
     0.535246     0.445194
     0.535292     0.441092
     0.535847     0.389753
     0.536403     0.337117
     0.536450     0.332941
     0.537007     0.290409
     0.537054     0.286218
     0.537566     0.237721
     0.537613     0.233771
     0.538173     0.202431
     0.538220     0.199929
     0.538734     0.172843
     0.538781     0.170441
     0.539343     0.143761
     0.539390     0.142181
     0.539907     0.127085
     0.539954     0.125932
     0.540519     0.119697
     0.540566     0.120444
     0.541085     0.133361
     0.541132     0.134575
     0.541700     0.150681
     0.541747     0.152587
     0.542269     0.175671
     0.542316     0.177504
     0.542886     0.189993
     0.543124     0.195648
     0.543457     0.203598
     0.543505     0.204687
     0.544077     0.216032
     0.544651     0.226786
     0.544699     0.227596
     0.545273     0.234064
     0.545321     0.235084
     0.545850     0.247987
     0.545898     0.249246
     0.546475     0.267540
     0.546523     0.268240
     0.547054     0.272981
     0.547102     0.273534
     0.547682     0.284589
     0.547731     0.285023
     0.548263     0.288039
     0.548312     0.288262
     0.548894     0.289023
     0.548992     0.289492
     0.549527     0.292345
     0.550699     0.297562
     0.550748     0.297722
     0.551335     0.297614
     0.551924     0.296834
     0.551973     0.296807
     0.552564     0.297860
     0.552613     0.297723
     0.553155     0.295397
     0.553205     0.295410
     0.554392     0.312769
     0.554442     0.313322
     0.555037     0.314079
     0.555087     0.313745
     0.555634     0.308589
     0.555684     0.308370
     0.556283     0.314903
     0.556333     0.314270
     0.556882     0.303050
     0.556932     0.302427
     0.557533     0.309528
     0.557684     0.311762
     0.558136     0.318590
     0.558186     0.319002
     0.558790     0.311994
     0.558840     0.312067
     0.559395     0.315188
     0.559445     0.315337
     0.560052     0.312160
     0.560102     0.312352
     0.563411     0.334232
     0.564540     0.341646
     0.567850     0.365166
     0.569676     0.378028
     0.569728     0.378358
     0.570357     0.380987
     0.571040     0.382148
     0.571672     0.384780
     0.572358     0.386542
     0.572993     0.387259
     0.573046     0.387791
     0.573629     0.395295
     0.573683     0.395875
     0.574320     0.399196
     0.574374     0.399172
     0.574960     0.397770
     0.575013     0.397739
     0.575654     0.401001
     0.575760     0.401045
     0.576296     0.400909
     0.576349     0.400827
     0.576993     0.397351
     0.577047     0.397494
     0.577638     0.400727
     0.577692     0.400862
     0.578339     0.396525
     0.578393     0.395755
     0.578987     0.385830
     0.579041     0.385203
     0.579691     0.388067
     0.580396     0.392724
     0.581703     0.402967
     0.581758     0.403300
     0.582414     0.404056
     0.583071     0.402879
     0.583126     0.402881
     0.583785     0.406490
     0.584501     0.411425
     0.585163     0.414241
     0.585218     0.414030
     0.585826     0.409996
     0.585882     0.409810
     0.587214     0.418551
     0.587269     0.418799
     0.587938     0.417707
     0.588105     0.418076
     0.588607     0.419354
     0.588663     0.419440
     0.589335     0.418551
     0.589896     0.416012
     0.590008     0.415495
     0.590064     0.415418
     0.590739     0.421013
     0.591415     0.424852
     0.591472     0.425109
     0.599827     0.437335
     0.602333     0.441007
     0.610820     0.453694
     0.619612     0.466469
     0.628724     0.479333
     0.638173     0.492286
     0.647979     0.505328
     0.658091     0.518370
     0.671565     0.535630
     0.679589     0.545589
     0.691028     0.558769
     0.702859     0.571949
     0.715184     0.585216
     0.727949     0.598483
     0.752697     0.623338
     0.766755     0.636949
     0.781348     0.650561
     0.798148     0.665717
     0.813866     0.679360
     0.828994     0.691986
     0.846540     0.705327
     0.864725     0.718581
     0.870187     0.722336
     0.890180     0.735148
     0.910979     0.747880
     0.935166     0.762010
     0.957999     0.774738
     0.981820     0.787386
     0.991874     0.792446
      1.01810     0.804590
      1.04557     0.816658
      1.05951     0.822454
      1.09007     0.834012
      1.12223     0.845500
      1.13664     0.850343
      1.17298     0.861209
      1.21126     0.871947
      1.22976     0.876808
      1.27346     0.886901
      1.29990     0.892677
      1.30017     0.890637
      1.33690     0.898159
      1.37485     0.905220
      1.41729     0.912364
      1.46139     0.919046
      1.51274     0.926059
      1.56270     0.932180
      1.61775     0.938168
      1.67728     0.943870
      1.74331     0.949413
      1.81529     0.954695
      1.89231     0.959563
      1.97868     0.964222
      2.08027     0.968827
      2.18822     0.972916
      2.31228     0.976787
      2.45416     0.980367
      2.61681     0.983628
      2.80761     0.986605
      3.03288     0.989270
      3.30801     0.991660
      3.65089     0.993756
      4.09459     0.995566
      4.68572     0.997047
      5.54491     0.998231
      6.94201     0.999113
      9.77794     0.999693
      10.3320     0.999742
